172.20139280948825
297.2415189220337
85.26482576510743
185.50280749506783
86.54657466749079
176.83714275370585
null
null
171.93037958064934
297.2207594609936
85.14709569131377
206.099585179094
86.34658247824242
177.4283540712786
null
null
170.24160935753613
381.6895506773144
100.07213150138556
186.09958517900668
89.63982194503038
166.87866167578613
null
null
173.81645396544596
1228.6555574467056
89.0987182058014
187.03834589209873
97.09129427975533
175.86920801643282
null
null
180.96324898851321
1137.2622783830739
175.1045790280313
1076.6478694224497
87.18238595938996
196.099585179094
null
null
188.6164458715779
268.67519257450476
163.19651470199844
1137.2622783830739
194.210295890469
390.36273980129045
140.5924357994727
267.3122935243882
4.3987286853003784E10	3.054672698125263E8
2.9960731219099313E8
5.858772239204262E7
5.534299206300356E7
2.602876126852463E8
4.594146880176698E-4	1664.0	3622000.0
58.75242738818332	2.12801292E8	3622000.0
5014.189517417379	1.8161394432085747E10	3622000.0
5072.941944805562	1.8374195724085747E10	3622000.0
9
25
1066.3185200793216
330415.3373532653
492048.8961046231
128934.23086468989
19340.134629703487
181.67342267509738
347.8411946017295
184.78506045738524
967.4437965804827
178.66554602011377
1207.1000000000058
147.51397597444955
1206.7996307602152
190.4713157718762
1378.5275561527815
214.6649070977423
1028.5966366050998
88.24133363137356
1127.8730520784738
4.416861506139614E10	3.067264934819176E8
3.0165382565522856E8
5.9194239207318924E7
5.635282757083497E7
2.6102319582848707E8
2.5071052403131878E8
1.7608329458696967E8
2.3394973575293794E7
7.421314191054666E-4	2688.0	3622000.0
107.99420541137494	3.91155012E8	3622000.0
8114.312740571498	2.9390040746349964E10	3622000.0
8222.306945982873	2.9781195758349964E10	3622000.0
14
46
1057.7568646769573
428916.5901091672
472790.3140984381
227474.65997731607
11373.732998865806
181.43947314524883
260.06572992214933
184.89779029769642
1127.4709877425921
179.2852928651118
1320.820851430297
219.4192772184132
420.87911072862335
221.135136119958
1119.6338015616639
214.8421409223157
888.6915341534186
89.3908124130072
898.8370669927972
112.11645002384893
187.09999999997672
166.98949467410517
749.5736702985596
4.440849624795535E10	3.083923350552455E8
3.006400418944168E8
5.901417634307796E7
5.623353241599916E7
2.6123616108988065E8
2.5063066394076464E8
1.7616009581824476E8
2.3429780682424027E7
3.3548550947731804E7
1.5390732770456725E8
8.83489784649365E-4	3200.0	3622000.0
129.31756432909995	4.68388218E8	3622000.0
9581.083064186747	3.47026828584844E10	3622000.0
9710.400628515847	3.51710710764844E10	3622000.0
17
58
1062.0634350442263
421465.28936469153
473445.4739639471
228834.01213408107
11441.700606704053
188.24772083123165
268.70155976200476
163.19663997708273
1020.3351768905413
198.59794231228844
1135.1390958812844
165.77690123751253
1029.7062219025102
162.51473281499676
1076.379177129711
198.53925285096034
400.26271719043143
4.4285755011960846E10	3.075399653608392E8
3.001800316677954E8
5.891685021712621E7
5.63361925257248E7
2.6058368476380637E8
2.4983539473739624E8
1.7544007915266275E8
7.774710104914412E-4	2816.0	3622000.0
101.98935008282717	3.69405426E8	3622000.0
8451.412562060279	3.0611016299782333E10	3622000.0
8553.401912143107	3.0980421725782333E10	3622000.0
17
45
1052.2860555186166
331795.1929901847
510004.07228008047
228108.3549386972
11405.417746934858
188.1649975328175
260.2416053437628
164.55122353465777
1146.6672056486132
196.9730401988444
1189.8120721623418
189.90457537530688
522.8251218399964
194.40990028661426
875.3767305226065
146.46056929585973
1006.4063060996705
88.54219490914753
177.10000000000582
4.430113229291063E10	3.076467520341016E8
3.004325953775181E8
5.9153088554593906E7
5.633386396395133E7
2.6055332279403594E8
2.5020061330845302E8
1.7612272186633155E8
2.340061963600634E7
8.481501932633904E-4	3072.0	3622000.0
104.34898012147984	3.77952006E8	3622000.0
9250.4667472717	3.350519055861809E10	3622000.0
9354.815727393177	3.388314256461809E10	3622000.0
17
46
1057.7568646769573
332015.34035430825
507259.61708533677
226746.526990768
11337.326349538404
189.039622767425
1337.5734936981462
160.5411206452187
410.57948236737866
195.67841642844024
1206.061794984911
227.78493248697444
1448.649229929084
225.76969520335064
6207.100000000093
198.85305544491771
409.68764394824393
81.26617327637851
157.10000000000582
111.65368989660622
1076.0208811536431
4.436427033648025E10	3.0808521067000175E8
3.015547159079438E8
5.833380781219431E7
5.567226445594987E7
2.614844623714673E8
2.5024954703361937E8
1.7566642939875793E8
2.3091970635458156E7
3.3248965866625946E7
8.83489784649365E-4	3200.0	3622000.0
111.42775427940364	4.03591326E8	3622000.0
9597.545031932921	3.476230810566104E10	3622000.0
9708.972786212325	3.516589943166104E10	3622000.0
17
48
1065.053042118314
327151.7339084405
483265.7425258393
228575.6515362159
11428.782576810794
188.84159183074385
307.10000000009313
164.9737096521347
1177.0999999999767
197.16978880191877
479.43029938219115
190.952016156076
421.0749424225651
224.08759341805532
1159.926581135951
166.91207629549456
907.2622783830739
89.53280871289446
177.65179795678705
112.19006536469588
1307.0999999999767
169.1511185576982
710.2172135903966
4.4434158021444244E10	3.08570541815585E8
3.003746077892957E8
5.9055726929593466E7
5.614268251328793E7
2.6102110295134085E8
2.505446118326441E8
1.7604601457190397E8
2.342718096664511E7
3.356648718661724E7
1.5376606001744795E8
9.895085588072887E-4	3584.0	3622000.0
127.29178741027057	4.61050854E8	3622000.0
10765.424347123744	3.89923669852822E10	3622000.0
10892.716134534016	3.94534178392822E10	3622000.0
20
58
1062.0634350442263
327548.92453411047
469579.35894336837
228400.5138928634
11420.025694643171
176.09297454473074
268.87664130935445
165.66443778726662
1107.1000000000058
197.80958654717412
1227.0999999999767
174.8071258197301
1249.0076846433803
211.51774432065295
1457.1000000000931
162.9946007666438
1279.8844548573252
90.34897354277363
177.10000000000582
112.13190400420157
1217.1000000000058
165.0389907242484
3916.6393326738616
173.90220968300196
1255.7232058658265
4.456396916261591E10	3.0947200807372165E8
3.058308306812754E8
5.9116763058769904E7
5.606647433287921E7
2.6453479411800852E8
2.5482159516860908E8
1.8019864325800574E8
2.3287987265992273E7
3.3566897534740254E7
1.5741035593501112E8
1.592094290288636E8
0.0010955273329652127	3968.0	3622000.0
165.5204627277747	5.99515116E8	3622000.0
12001.026225141712	4.346771698746328E10	3622000.0
12166.546687869486	4.406723210346328E10	3622000.0
22
65
1043.6283521158293
327280.87862499146
462897.0463004661
225885.90786814605
11294.295393407303
113.87611251086682
176.70532892970368
4.3553855004027245E10	3.024573264168559E8
2.992566906939254E8
7.06791827719492E-5	256.0	3622000.0
21.031053561568193	7.6174476E7	3622000.0
769.78400506654	2.788157666351008E9	3622000.0
790.8150586281082	2.864332142351008E9	3622000.0
1
3
926.0436862716451
293425.6613675975
375592.83254822856
251328.7908104796
2541.7774158983666
99.17182200847795
175.8040609243326
151.6609664008686
259.32265797571745
4.369866915641148E10	3.034629802528575E8
2.988773704126708E8
5.805922035189607E7
1.413583655438984E-4	512.0	3622000.0
27.58388348978465	9.9908826E7	3622000.0
1504.7855884740736	5.4503334014530945E9	3622000.0
1532.3694719638581	5.5502422274530945E9	3622000.0
2
8
1062.7099025845444
298187.56762833724
431635.8423300831
253496.66901903512
3109.3121784363125
190.43003174609723
268.1620242395438
151.70520036629145
260.1457170577487
193.03234768055214
379.13544776733033
4.385149391223389E10	3.04524263279402E8
2.9891829481830376E8
5.807953177493498E7
5.5329581923157915E7
2.120375483158476E-4	768.0	3622000.0
33.825316399779126	1.22515296E8	3622000.0
2291.5223301745314	8.299893879892153E9	3622000.0
2325.3476465743106	8.422409175892153E9	3622000.0
3
14
1053.8224312351672
296930.9732678624
434126.143010027
253597.9860666766
3012.5217046883604
190.81488781104443
268.95313441194594
154.19353394791057
279.41533003083896
194.37377291821426
390.9552977476269
135.38232817066327
276.28816841496155
4.398974996089872E10	3.0548437472846335E8
2.996118656805293E8
5.858437303663688E7
5.5366749026569024E7
2.602575001338821E8
4.594146880176698E-4	1664.0	3622000.0
58.61995030369961	2.1232146E8	3622000.0
5014.189517417379	1.8161394432085747E10	3622000.0
5072.809467721078	1.8373715892085747E10	3622000.0
9
25
1066.3185200793216
294460.8717818204
494627.8907963623
247929.17852635728
3206.5223968416794
190.9070538346478
279.3313127635047
153.06494327588834
1107.0999999999767
193.9142471201413
400.6905123377219
154.7663730805018
288.00256972550415
198.67250374359867
511.5376805695705
4.415799239537288E10	3.066527249678672E8
2.990188233431746E8
5.829612266992562E7
5.543260444131228E7
2.6016418533686912E8
2.497761173939462E8
6.714522363335174E-4	2432.0	3622000.0
83.58890557702927	3.02759016E8	3622000.0
7292.157816787417	2.6412195612404022E10	3622000.0
7375.746722364445	2.6714954628404022E10	3622000.0
14
36
1055.6257012762374
294932.91237954353
505830.4127420573
247922.7555177184
3255.948494441864
190.6553021512147
260.5047558010556
154.2307685005781
1205.2860664779437
197.33207819141245
1267.068606320012
165.85646812644248
397.10000000009313
156.93042656126082
401.63229069812223
194.31232048927404
410.26271719043143
4.4295254903880745E10	3.0760593683250517E8
2.9988472206407845E8
5.85410771198553E7
5.5930954898770794E7
2.605262790041833E8
2.49905164562682E8
1.7544833356707323E8
8.128106018774158E-4	2944.0	3622000.0
100.98835891772501	3.65779836E8	3622000.0
8839.629547975761	3.2017138222768208E10	3622000.0
8940.617906893487	3.2382918058768208E10	3622000.0
17
45
1052.2860555186166
294974.7676305833
492494.8283166422
247937.8677994054
3063.341444540181
190.56750329656137
268.56111069815233
155.44145790919583
1107.0999999999767
195.4650623925939
399.22560755256563
183.64771351869993
420.1331698996946
190.5456867447277
1689.0882852107752
143.526584421549
298.31869476742577
86.84712235971143
177.03803456941387
4.430232830664627E10	3.076550576850436E8
2.9969328973274195E8
5.8725689043722145E7
5.581894338690466E7
2.6025218866976604E8
2.4989998546330202E8
1.755631341772638E8
2.3390665571150247E7
8.481501932633904E-4	3072.0	3622000.0
103.58731308669243	3.75193248E8	3622000.0
9250.4667472717	3.350519055861809E10	3622000.0
9354.05406035839	3.388038380661809E10	3622000.0
17
46
1057.7568646769573
293915.7990075535
486927.55151912506
246458.02752020277
3125.693838843292
191.45526669061496
267.8260414665565
153.70837214377852
1360.3306115592131
196.14836881026855
967.1000000000058
243.44823491206083
1029.7928254364524
218.8952727339126
1613.1102084170561
195.09897928075347
399.68764394824393
81.73496787252358
156.47165386512643
109.34381633265659
177.09999999997672
4.439263433998209E10	3.082821829165423E8
3.0163357282942253E8
5.832958833348889E7
5.556060031091479E7
2.615890869387635E8
2.5013389519511592E8
1.7559286384016263E8
2.309097042884075E7
3.3280507744296443E7
8.83489784649365E-4	3200.0	3622000.0
110.00453175041413	3.98436414E8	3622000.0
9598.584502404687	3.476607306770978E10	3622000.0
9708.589034155102	3.516450948170978E10	3622000.0
17
48
1065.053042118314
291956.7630641247
467385.1626948313
248408.5372941825
3124.21136346479
191.60865368264953
1248.7240369110368
158.18206381689689
1177.0999999999767
198.15537673367007
1127.0999999999767
188.34629694231077
421.0749424225651
211.6201809083674
560.4177770051174
148.2213893255023
340.3020190804964
90.05647981203523
898.6114630281809
112.39368664874084
193.287923697324
185.5027576203609
1006.9767771933111
4.438155920624013E10	3.0820527226555645E8
3.006023567371325E8
5.914317792351822E7
5.613324560607702E7
2.612752510628444E8
2.5083185693886223E8
1.7606903171997577E8
2.3442403373871267E7
3.3579564055927254E7
1.5379152762710685E8
0.0010248481501932633	3712.0	3622000.0
127.34065543898399	4.61227854E8	3622000.0
11129.394706961937	4.0310667628616135E10	3622000.0
11256.735362400921	4.0771895482616135E10	3622000.0
21
58
1062.0634350442263
296170.67822840286
475873.0325305971
258241.28869477278
3139.518201887606
102.2772076130685
186.75695665786043
159.0500309212184
305.5848096332047
198.01068842520598
410.4981600428
183.25437856325954
1370.6305585524533
207.1074596546452
1572.2886753855273
201.8931494745665
1509.945627118228
90.30589995836495
177.10000000000582
111.65531743085482
207.10000000000582
207.82230991548172
3160.1134162851376
118.83852877274722
289.9349599762354
4.4621499847989006E10	3.0987152672214586E8
3.0580601633017737E8
5.900733725148263E7
5.6015654430674024E7
2.646814231355902E8
2.550367364988363E8
1.7952612932062286E8
2.3277352723601058E7
3.3541698409329563E7
1.574167125666144E8
1.589067546104128E8
0.0011308669243511873	4096.0	3622000.0
154.91507178354502	5.6110239E8	3622000.0
12251.663159201604	4.437552396262821E10	3622000.0
12406.57823098515	4.493662635262821E10	3622000.0
24
65
1049.2264396748917
297494.44074762735
468032.51868547365
257664.21751124258
3212.844982955166
113.88755724478891
897.5637433319353
4.355367859914333E10	3.024561013829398E8
2.9926069893839216E8
7.06791827719492E-5	256.0	3622000.0
21.089401987852014	7.6385814E7	3622000.0
769.78400506654	2.788157666351008E9	3622000.0
790.873407054392	2.864543480351008E9	3622000.0
1
3
926.0436862716451
296297.91696377425
378465.0881444053
261381.68539709755
2541.7774158983666
99.23237401500126
165.8040609243326
152.45793069718715
277.70159034396056
4.369884644474506E10	3.034642114218407E8
2.9887739226988745E8
5.805959810858088E7
1.413583655438984E-4	512.0	3622000.0
27.65208172280508	1.0015584E8	3622000.0
1504.7855884740736	5.4503334014530945E9	3622000.0
1532.4376701968786	5.5504892414530945E9	3622000.0
2
8
1062.7099025845444
301084.6039025567
434532.8786043025
263636.2959788037
3109.3121784363125
190.2032084932511
268.91184922354296
152.14280521247673
279.8518606608268
192.89570625629327
380.89772165799513
4.385122429211747E10	3.0452239091748244E8
2.9891931071852535E8
5.807910281748796E7
5.532941159610646E7
2.120375483158476E-4	768.0	3622000.0
33.88384373274434	1.22727282E8	3622000.0
2291.5223301745314	8.299893879892153E9	3622000.0
2325.406173907276	8.422621161892153E9	3622000.0
3
14
1053.8224312351672
299829.171587165
437024.3413293296
263741.68018423574
3012.5217046883604
190.9863940140009
268.67519257450476
154.60815170581694
279.221465399547
194.3458339146509
380.65659644897096
142.50083017604283
276.28816841496155
4.392458349796835E10	3.0503182984700245E8
2.99741401813225E8
5.858514782654445E7
5.5363336874525465E7
2.6037278183407626E8
4.594146880176698E-4	1664.0	3622000.0
58.664499723909444	2.12482818E8	3622000.0
4991.2005237384365	1.8078128296980618E10	3622000.0
5049.8650234623465	1.8290611114980618E10	3622000.0
9
25
1070.5270745587661
298544.8026668716
480045.1550147468
259468.9592411645
3198.3754612618527
100.34636662402983
216.19218971766531
153.6450502635392
1107.0999999999767
193.9889128793659
400.900201639859
159.85750631085682
288.1244113848079
199.42561617813942
521.5376805695705
4.415718378986579E10	3.0664710965184575E8
2.9909786730304974E8
5.829525630694536E7
5.543304429501021E7
2.6016034571165687E8
2.4977654911522943E8
6.714522363335174E-4	2432.0	3622000.0
83.38626394257317	3.02025048E8	3622000.0
7293.96541922605	2.6418742748436752E10	3622000.0
7377.351683168623	2.6720767796436752E10	3622000.0
14
36
1060.5096383812452
297806.45066758915
508512.38181089994
257837.23483568034
3255.948494441864
190.36193396403561
260.5047558010556
154.5711301044404
1207.0999999999767
197.5126297263744
1277.1000000000058
165.98243303208162
842.8803444979712
157.42006587328552
1177.1000000000931
194.6415806418373
509.84492457821034
4.4295839289888756E10	3.0760999506867194E8
2.9993718364017093E8
5.853994259978954E7
5.5929163232666135E7
2.6055144400935677E8
2.499097623117415E8
1.7546246827496913E8
8.128106018774158E-4	2944.0	3622000.0
101.38822032026505	3.67228134E8	3622000.0
8839.629547975761	3.2017138222768208E10	3622000.0
8941.017768296026	3.2384366356768208E10	3622000.0
17
45
1052.2860555186166
297807.5548735296
495327.6155595886
257852.62314971717
3063.341444540181
190.5595505069071
268.56111069815233
156.18314573327345
1107.0999999999767
195.390412786804
1097.1000000000058
166.96065153773466
390.94244328001514
189.7305897901347
523.0438449485227
143.63717722740233
288.31869476742577
87.16256765539656
177.10000000000582
4.4263764357535835E10	3.0738725248288774E8
2.997103967572312E8
5.873803871438666E7
5.583578101181659E7
2.6030237339810374E8
2.4990071455406842E8
1.7557844521911713E8
2.3395854031313676E7
8.481501932633904E-4	3072.0	3622000.0
103.58631584759802	3.75189636E8	3622000.0
9236.259070452441	3.345373035317874E10	3622000.0
9339.84538630004	3.382891998917874E10	3622000.0
17
46
1057.7568646769573
296889.7027266146
489736.2383649048
256854.22575543518
3125.693838843292
192.1531995300139
297.7560932696797
154.0948164135635
306.77350713673513
195.80109453619988
1261.539977153181
172.40337727780926
1321.0543613107875
162.0851186072297
1226.117585876258
194.8325201138667
380.086345246993
81.37911900729986
157.09999999997672
109.5005473807036
186.33591409015935
4.438554508884096E10	3.0823295200584E8
3.0085281087913924E8
5.836493230189291E7
5.565709614887791E7
2.618643222762565E8
2.50124512603788E8
1.757035973687531E8
2.308824748471686E7
3.331035890501406E7
8.83489784649365E-4	3200.0	3622000.0
110.0963440088349	3.98768958E8	3622000.0
9606.026215928752	3.479302695409394E10	3622000.0
9716.122559937587	3.519179591209394E10	3622000.0
17
48
1065.053042118314
297741.8306933422
495172.8762874693
257824.3772678589
3155.5899386100605
191.06112714137143
308.2625338830985
158.0298770015879
309.42657404212514
197.90764647628234
1367.0999999999767
207.57772045660718
421.0749424225651
211.12745931537054
1077.7683928108308
147.95909974255767
1130.5700083945412
90.01455604194483
898.3127617294667
112.30770128321602
196.85205716558266
175.12779905255078
512.3223568291869
4.434614171022515E10	3.0795931743211913E8
3.00351764925834E8
5.911841931318951E7
5.613398545252279E7
2.609864299658627E8
2.505822468921385E8
1.7602178086236987E8
2.3442420248205714E7
3.357132730372846E7
1.537683115815469E8
0.0010248481501932633	3712.0	3622000.0
126.44524075096632	4.57984662E8	3622000.0
11106.405713282995	4.022740149351101E10	3622000.0
11232.850954033962	4.068538615551101E10	3622000.0
21
58
1065.6509249578748
296358.8373478114
482693.1300823681
258937.18135419936
3139.518201887606
102.81366497792735
187.4416799992323
158.9871152496476
1306.8207649642718
197.8994115062154
1347.0999999999767
183.9906651052412
1272.7551007887814
206.90969696023583
1572.2886753855273
202.11215674050123
1509.945627118228
90.32402492095079
167.10000000000582
111.62875164898273
1217.1000000000058
200.7854099757601
2669.739745986648
208.28062366245385
288.44635972823016
4.452791720717609E10	3.0922164727205616E8
3.05823477272606E8
5.900539233733084E7
5.5996245657547094E7
2.6466927808199742E8
2.5495667323281053E8
1.796120006936608E8
2.3269422054656886E7
3.3549177337810285E7
1.5745832122963208E8
1.5930567617030165E8
0.0011662065157371619	4224.0	3622000.0
216.18138983986748	7.83008994E8	3622000.0
12651.306584597864	4.582303244941346E10	3622000.0
12867.48797443773	4.660604144341346E10	3622000.0
24
65
1047.0587696045718
297474.89604080893
468014.47741764126
257664.2169314192
3212.844982955166
113.95768522358192
897.5637433319353
4.355349246088211E10	3.0245480875612575E8
2.9925773416386557E8
7.06791827719492E-5	256.0	3622000.0
21.120601325234677	7.6498818E7	3622000.0
769.78400506654	2.788157666351008E9	3622000.0
790.9046063917747	2.864656484351008E9	3622000.0
1
3
926.0436862716451
314006.73721758416
396173.9083982152
201064.31787738993
10053.215893869497
99.22157397124651
165.8040609243326
156.47623993860267
259.32265797571745
4.370870556424575E10	3.035326775294844E8
2.9889127483409894E8
5.8061799093697466E7
1.413583655438984E-4	512.0	3622000.0
27.898280508006625	1.01047572E8	3622000.0
1504.7855884740736	5.4503334014530945E9	3622000.0
1532.6838689820802	5.5513809734530945E9	3622000.0
2
8
1062.7099025845444
322123.5007329947
414386.73134527955
202798.53422019223
10139.926711009612
188.95001591237983
260.5745500009507
156.36980863406848
895.3262551334337
192.9953828284155
379.13544776733033
4.385894354667246E10	3.045759968518921E8
2.9889083955418795E8
5.806713669234142E7
5.533057259908042E7
2.120375483158476E-4	768.0	3622000.0
34.10962230811706	1.23545052E8	3622000.0
2291.5223301745314	8.299893879892153E9	3622000.0
2325.6319524826486	8.423438931892153E9	3622000.0
3
14
1053.8224312351672
319914.163559681
407072.25724765036
202879.515478881
10143.975773944052
189.33063482675016
268.67519257450476
158.79024354163755
1139.4283540712786
194.31938098297772
383.9400190212764
138.756973871859
267.3122935243882
4.398931407476988E10	3.054813477414575E8
2.996030480607725E8
5.858846277930798E7
5.53399435717198E7
2.6028232622473422E8
4.594146880176698E-4	1664.0	3622000.0
58.345154610712314	2.1132615E8	3622000.0
5014.189517417379	1.8161394432085747E10	3622000.0
5072.534672028091	1.8372720582085747E10	3622000.0
9
25
1066.3185200793216
316155.0816555734
482812.0174876139
198347.95033399586
9917.397516699795
100.33427983485096
187.09969339566305
157.45844477556525
1107.0999999999767
193.82352845590287
400.900201639859
161.89492795747285
397.5658559319563
203.10979906625468
521.5376805695705
4.4153756217458244E10	3.0662330706568223E8
2.990970230919216E8
5.828209538669099E7
5.541412794032657E7
2.6015476000831726E8
2.4980120290297255E8
6.714522363335174E-4	2432.0	3622000.0
83.0609784649365	3.00846864E8	3622000.0
7293.96541922605	2.6418742748436752E10	3622000.0
7377.026397690986	2.6719589612436752E10	3622000.0
14
36
1060.5096383812452
319308.7542273254
508234.9988287941
198350.37396435128
9917.518698217564
189.14662195272075
268.70155976200476
160.22182111155007
1205.8103717413615
198.9864795609438
1267.068606320012
163.410670748877
1027.4328523185104
160.2298298422722
1075.95979721786
196.6679288667991
420.26271719043143
4.428592636016032E10	3.075411552788911E8
3.003869489206782E8
5.885622679532788E7
5.627148162092142E7
2.6065528870037216E8
2.4989626911470887E8
1.7547960133701405E8
7.774710104914412E-4	2816.0	3622000.0
101.84643677526229	3.68887794E8	3622000.0
8451.412562060279	3.0611016299782333E10	3622000.0
8553.258998835541	3.0979904093782333E10	3622000.0
17
45
1052.2860555186166
316923.05996471696
495240.333547153
198364.0888877616
9918.204444388082
189.1849994797918
259.91245588473976
161.71609173270016
1136.6672056486132
197.18003935383203
1309.9166708785924
187.0128942088568
537.1000000000931
191.9507057906616
1137.0999999999767
145.53594797799124
1136.5866396062775
88.41466800902818
177.10000000000582
4.430245124646882E10	3.0765591143381125E8
3.0036840043143624E8
5.906058478851165E7
5.624894130929457E7
2.6044274715306163E8
2.5013241595041126E8
1.759995595005924E8
2.3398225323148977E7
8.481501932633904E-4	3072.0	3622000.0
103.60265764770845	3.75248826E8	3622000.0
9250.4667472717	3.350519055861809E10	3622000.0
9354.069404919406	3.388043938461809E10	3622000.0
17
46
1057.7568646769573
317231.7096606026
492848.7141222086
197179.26560335676
9858.963280167842
190.12798570250925
258.5742553281598
158.387624488352
296.6845767941559
196.45796455804154
967.1000000000058
247.70794102483362
1177.7322176031303
222.84002509860687
1226.117585876258
197.83773838192428
1139.1672207684023
81.5495822089542
157.10000000000582
111.32541670975648
1076.0208811536431
4.43959489197614E10	3.0830520083167636E8
3.0150765118007016E8
5.82909738399367E7
5.5562253296361275E7
2.61478228351188E8
2.5015310628731966E8
1.755963527403288E8
2.3091866178231973E7
3.324145690593973E7
8.83489784649365E-4	3200.0	3622000.0
110.85392766427388	4.01512926E8	3622000.0
9598.584502404687	3.476607306770978E10	3622000.0
9709.438430068962	3.516758599370978E10	3622000.0
17
48
1065.053042118314
313063.3355164796
472020.67283341463
198744.9440193352
9937.247200966764
99.71992535842064
138.32049140986055
162.25497174092672
1177.0999999999767
197.45186766890845
1257.6479403160629
168.19753924203087
381.4736437210813
221.54326488257206
1217.0999999999767
164.7454599793988
1096.5714112471323
89.2646834193576
898.3127617294667
111.74661336927001
1305.9072338598198
189.7612181230159
679.5529108375777
4.4505885992419754E10	3.090686527251372E8
3.0028822498580027E8
5.90712199033349E7
5.611230028763129E7
2.6091406617425665E8
2.5051880643084782E8
1.759865280082375E8
2.3428298020388216E7
3.3549728428999305E7
1.5372646595380378E8
0.0010248481501932633	3712.0	3622000.0
124.73799723909443	4.51801026E8	3622000.0
11133.880470425995	4.032691506388295E10	3622000.0
11258.618467665088	4.077871608988295E10	3622000.0
21
58
1060.6138139194547
313962.379615739
469011.8632153433
198074.13308205284
9903.706654102643
100.66113723890395
138.3133045202121
163.89304425404484
1177.0999999999767
197.49992499193698
400.4981600428
168.87068950776995
1249.0076846433803
187.91682547663726
1248.2726796336938
160.4891263582487
1387.1000000000931
90.56526136881784
177.10000000000582
112.55427993648742
1075.5254094917327
311.9364410229732
17146.13943418127
163.92265015557146
294.2109791599214
4.457340731318087E10	3.0953755078597826E8
3.0548848011609024E8
5.928655495763975E7
5.5883016098770335E7
2.6433773695580825E8
2.546275553287577E8
1.8016942182447118E8
2.3297052521280713E7
3.358698295799146E7
1.572939125287494E8
1.591143032269578E8
0.0011662065157371619	4224.0	3622000.0
165.7833660960795	6.00467352E8	3622000.0
12723.462354828267	4.608438064918798E10	3622000.0
12889.245720924346	4.668484800118798E10	3622000.0
24
65
1047.0587696045718
314771.69390521775
469079.83229724906
196684.6027801997
9834.230139009984
99.15950190718937
165.75162501819432
152.61438570668136
287.67537239112426
4.370905662762605E10	3.0353511546962535E8
2.9886833018908894E8
5.8045660617840946E7
1.413583655438984E-4	512.0	3622000.0
28.034020982882385	1.01539224E8	3622000.0
1504.7855884740736	5.4503334014530945E9	3622000.0
1532.819609456956	5.5518726254530945E9	3622000.0
2
8
1062.7099025845444
301084.6039025567
434532.8786043025
263636.2959788037
3109.3121784363125
100.27148204151085
166.9627760979347
153.4626816103545
1107.0999999999767
194.03003286525686
410.76911187556107
159.97148545541606
298.0981934319716
199.27950100937437
521.5114626167342
4.415964795471367E10	3.066642219077338E8
2.990548719184276E8
5.8268143963132426E7
5.5389165477578595E7
2.6007683320377612E8
2.4964422393188512E8
6.714522363335174E-4	2432.0	3622000.0
83.84149861954721	3.03673908E8	3622000.0
7293.96541922605	2.6418742748436752E10	3622000.0
7377.806917845597	2.6722416656436752E10	3622000.0
14
36
1060.5096383812452
297806.45066758915
508512.38181089994
257837.23483568034
3255.948494441864
100.35340536900394
216.20384478429332
153.3187747439765
1107.0999999999767
194.09030015037277
400.6642943848856
139.66359480516908
288.0981934319716
199.13542615879925
531.5114626167342
4.409027871992121E10	3.06182491110564E8
2.9906599848280334E8
5.826625761374144E7
5.538891974710348E7
2.601082670028974E8
2.4966411163495848E8
6.714522363335174E-4	2432.0	3622000.0
84.01016620651573	3.04284822E8	3622000.0
7445.323581407094	2.6966962011856495E10	3622000.0
7529.33374761361	2.7271246833856495E10	3622000.0
14
36
1060.5096383812452
297721.760766727
508433.3379034286
257571.35160337048
3255.948494441864
113.42135987628662
176.70906062610447
4.3552487276238106E10	3.024478283072091E8
2.989728203070766E8
7.06791827719492E-5	256.0	3622000.0
20.710147984538928	7.5012156E7	3622000.0
785.1796851678708	2.843920819678028E9	3622000.0
805.8898331524098	2.918932975678028E9	3622000.0
1
3
926.0436862716451
296297.91696377425
378465.0881444053
261381.68539709755
2541.7774158983666
99.23466115334904
165.75162501819432
152.468529244904
307.67537239112426
4.3709075375724205E10	3.035352456647514E8
2.988690040205122E8
5.804597458678826E7
1.413583655438984E-4	512.0	3622000.0
28.12944119271121	1.01884836E8	3622000.0
1534.8813002435552	5.559340069482157E9	3622000.0
1563.0107414362665	5.661224905482157E9	3622000.0
2
8
1062.7099025845444
301084.6039025567
434532.8786043025
263636.2959788037
3109.3121784363125
190.0928958771452
268.8594133174047
152.5267620601991
262.89204228599556
192.8865355429573
380.87150370515883
4.385932120182966E10	3.045786194571504E8
2.98876214872767E8
5.804757523119479E7
5.531886102165226E7
2.120375483158476E-4	768.0	3622000.0
34.37960739922695	1.24522938E8	3622000.0
2337.352776778022	8.465891757489996E9	3622000.0
2371.732384177249	8.590414695489996E9	3622000.0
3
14
1053.8224312351672
299829.171587165
437024.3413293296
263741.68018423574
3012.5217046883604
190.4823557040947
268.64897462166846
154.30221755287045
279.1690294938744
194.7716980012135
380.63037849613465
135.9061065711025
267.2598576187156
4.399280617180503E10	3.055055984153127E8
2.994100235669761E8
5.845422512689364E7
5.53256832166864E7
2.6013339778378132E8
4.594146880176698E-4	1664.0	3622000.0
59.24494754279404	2.145852E8	3622000.0
5114.473307765726	1.852462232072746E10	3622000.0
5173.7182553085195	1.873920752072746E10	3622000.0
9
25
1066.3185200793216
297294.0848213839
497461.10383592587
257845.42416482957
3206.5223968416794
190.49957878027735
285.8823918434791
154.1218306084072
280.0047991471947
196.31346800194535
390.05046849360224
166.57002885247474
308.0382871974725
157.61055638905628
886.7488478561863
194.63327254077123
509.79248867253773
4.430182359850385E10	3.0765155276738787E8
2.997496399922066E8
5.8273725611501135E7
5.55925429656724E7
2.6080694570924127E8
2.5030003655023E8
1.7546137745286757E8
8.128106018774158E-4	2944.0	3622000.0
102.99891551628934	3.73062072E8	3622000.0
9016.422138935277	3.265748098722357E10	3622000.0
9119.421054451566	3.303054305922357E10	3622000.0
17
45
1052.2860555186166
297807.5548735296
495327.6155595886
257852.62314971717
3063.341444540181
190.11733649732284
268.50867479201406
157.1644080593442
967.3913606748101
196.984417592814
1309.418569840549
184.30185513478622
410.1069519468583
189.9361662683916
523.0176269956864
144.10990035093462
297.4177279283758
87.72868283350053
177.10000000000582
4.43085015798211E10	3.076979276376465E8
3.000518666701103E8
5.893632421017502E7
5.616428692004792E7
2.6019476125077477E8
2.5001897157957765E8
1.7595496958238357E8
2.33599123659603E7
8.481501932633904E-4	3072.0	3622000.0
104.3585019326339	3.77986494E8	3622000.0
9435.476082217134	3.417529436979046E10	3622000.0
9539.834584149768	3.455328086379046E10	3622000.0
17
46
1057.7568646769573
296731.72866349755
489587.0406386276
256313.78131600644
3125.693838843292
190.3830835651233
277.59498699661344
153.77613528726977
311.34635763207916
196.17982051738215
967.1000000000058
243.27038463615335
1177.705999650294
219.25429008622302
1216.2382468302967
195.7935201547002
402.3745973657351
81.44306822987697
165.80585505542695
110.8817723322106
186.60529319470515
4.443393442193686E10	3.085689890412282E8
2.997508972161504E8
5.823815607050178E7
5.541786466282167E7
2.604083860768728E8
2.4998767128497455E8
1.7552392085353163E8
2.304323182746117E7
3.324945508534504E7
8.83489784649365E-4	3200.0	3622000.0
111.79262782992822	4.04912898E8	3622000.0
9790.556192452785	3.546139452906399E10	3622000.0
9902.348820282714	3.586630742706399E10	3622000.0
17
48
1065.053042118314
294834.41594468406
470262.8155753907
258341.25718895358
3124.21136346479
191.71007569720152
308.2363159302622
157.05800412967594
299.4265467344085
197.0292638338389
399.4474059571512
184.57851496491418
1167.6848965720274
211.33146827077695
1197.3986889488297
148.63515442200213
353.3976856863592
87.58122096882215
177.09999999997672
111.80345482240801
186.75810233780066
186.9672647542631
1517.6567081427202
4.43788428228534E10	3.0818640849203753E8
3.0019549945310605E8
5.871211443232696E7
5.572638403906402E7
2.6068751744678333E8
2.505350701852572E8
1.760509991738044E8
2.3181647068771534E7
3.355767901312817E7
1.5416672708881348E8
0.0010248481501932633	3712.0	3622000.0
130.30942462727774	4.71980736E8	3622000.0
11323.930358034442	4.101527575680075E10	3622000.0
11454.23978266172	4.148725649280075E10	3622000.0
21
58
1062.0634350442263
296411.9244768374
476093.3008443852
259075.45042175113
3139.518201887606
102.15962862652214
202.65283510740846
158.44342816245262
298.0356609306182
196.93673958778695
414.2943308535032
178.4335459342769
1058.159364149673
207.45366921064996
1581.863756133942
190.04197773103306
1279.8582369044889
88.02618258811476
166.68347345589427
110.4692546393717
184.77559653946082
222.2844787636273
3367.988859519013
113.62286170006368
282.161439466523
4.459430428888438E10	3.096826686728082E8
3.052866765558785E8
5.883740991306087E7
5.565267652097541E7
2.6416400210991955E8
2.5457264867601657E8
1.7949441759559742E8
2.3069522252196528E7
3.326140873940527E7
1.5712404374383628E8
1.5887282926911163E8
0.0011308669243511873	4096.0	3622000.0
179.37221479845388	6.49686162E8	3622000.0
12539.053878392402	4.541645314753728E10	3622000.0
12718.426093190856	4.606613930953728E10	3622000.0
24
65
1049.2264396748917
297486.7994555322
468025.4651850781
257664.21751124258
3212.844982955166
102.03017415794035
176.73073870502412
158.33882759963473
297.98325233266223
197.01498660516194
1187.0999999999767
178.33159163577264
1370.305639300961
206.8377439867552
1572.262457432691
189.66940049875487
1519.5207078666426
88.21700615916087
165.84043508500326
110.17832260492469
186.90428906853776
338.91181366027365
9438.134175746236
119.93261853155069
280.32273291097954
4.458450641184931E10	3.096146278600647E8
3.051154062336577E8
5.883176922549684E7
5.570667204736939E7
2.6409453231768566E8
2.545071200824631E8
1.792922030780385E8
2.3072932806438614E7
3.327166759091086E7
1.5698522874011338E8
1.587915490832898E8
0.0011308669243511873	4096.0	3622000.0
164.45848923246825	5.95668648E8	3622000.0
13522.509084540823	4.897852790420686E10	3622000.0
13686.967573773292	4.957419655220686E10	3622000.0
24
65
1049.2264396748917
297486.7994555322
468025.4651850781
257664.21751124258
3212.844982955166
178.4470333129316
288.7717828275636
158.44034764990187
1028.85382298904
196.97058711151283
1339.3175888547557
192.37425364158335
1379.906938002212
208.3899933554833
1572.262457432691
190.7340753650055
1509.9194091653917
88.04841782137335
166.52516393305268
110.61980078944518
177.10000000000582
216.24058876768436
3617.0999999999767
165.00031968858647
390.3045709473081
4.465476257530333E10	3.101025178840509E8
3.0540499730114776E8
5.889071208616376E7
5.5666353689624086E7
2.6423992203041264E8
2.5476608895733255E8
1.7958938272994304E8
2.3068287384483166E7
3.3258553175242122E7
1.571499729905911E8
1.5880215334503666E8
0.0011662065157371619	4224.0	3622000.0
167.4110938707896	6.06362982E8	3622000.0
17169.831536272744	6.218912982437988E10	3622000.0
17337.242630143533	6.279549280637988E10	3622000.0
24
65
1043.6283521158293
297339.2782834891
467889.29179549986
257171.65631985536
3212.844982955166
99.70283138324464
155.9730406459421
156.77828655390474
301.826225946832
197.04217513960677
1115.3117145665165
165.92053630432724
1139.2653751725447
248.19341068641543
1217.303797305096
164.2387226948109
366.0319750041235
87.45821832130987
177.6677012789296
111.39772989511644
186.81051059844322
183.8930311761025
1347.1000000000931
4.4512899350404816E10	3.0911735660003346E8
2.999060165337514E8
5.870397410921208E7
5.57159039665321E7
2.606759465869092E8
2.5020687204173023E8
1.7578059170135358E8
2.3173736424367715E7
3.3543729710443497E7
1.5385655545414457E8
0.0010248481501932633	3712.0	3622000.0
128.62933517393705	4.65895452E8	3622000.0
15047.314321322308	5.45013724718294E10	3622000.0
15175.943656496245	5.49672679238294E10	3622000.0
21
58
1060.6138139194547
293846.96514760563
459602.96047002857
257077.7439268189
3170.948562717084
190.55114152378036
277.9030436449684
153.86175007408588
306.65835884131957
195.8721062567704
967.1000000000058
243.13530302421242
550.5466217137873
219.06907644492333
711.1368942530826
195.84223028863067
409.7138352661859
81.54868624631771
157.09999999997672
110.80945551269896
186.60529319473426
4.4433216521884796E10	3.085640036242E8
2.997750299271528E8
5.823933056862869E7
5.542058699969096E7
2.604078668518058E8
2.4998326458172226E8
1.7552238278508815E8
2.304365403307874E7
3.325294584869967E7
8.83489784649365E-4	3200.0	3622000.0
111.52582164549972	4.03946526E8	3622000.0
12958.089078246336	4.6934198641408226E10	3622000.0
13069.614899891834	4.7338145167408226E10	3622000.0
17
48
1065.053042118314
294834.41594468406
470262.8155753907
258341.25718895358
3124.21136346479
190.0214826060175
268.50867479201406
157.28307985053937
1228.175883685064
196.93298104768692
1317.0999999999767
184.30686116386045
410.1069519468583
189.98025621320542
903.4154577697627
144.16158450456274
288.26625886175316
87.54815687877912
177.56589574663667
4.430807443489909E10	3.076949613534659E8
3.000309428451828E8
5.893393102052575E7
5.614880798652784E7
2.6020134217207977E8
2.5002108761060807E8
1.7594198541433048E8
2.335398876056173E7
8.481501932633904E-4	3072.0	3622000.0
104.43719768083932	3.7827153E8	3622000.0
12488.130108816795	4.523200725413443E10	3622000.0
12592.567306497634	4.561027878413443E10	3622000.0
17
46
1057.7568646769573
296731.72866349755
489587.0406386276
256313.78131600644
3125.693838843292
190.58603107423625
290.40242899302393
153.6698917469616
1205.705499929958
196.20917995278305
399.32686152355745
166.4637405318323
318.0382871974725
157.55496738397437
330.033622227842
194.77297195273283
509.79248867253773
4.430202617133376E10	3.0765295952315116E8
2.997457082997118E8
5.827376505857341E7
5.5580993714253515E7
2.608158693903499E8
2.502885899068188E8
1.754595781221541E8
8.128106018774158E-4	2944.0	3622000.0
102.96200110436223	3.72928368E8	3622000.0
11933.499889767281	4.322313660073709E10	3622000.0
12036.461890871644	4.359606496873709E10	3622000.0
17
45
1052.2860555186166
297807.5548735296
495327.6155595886
257852.62314971717
3063.341444540181
100.21219735102169
176.9424132872373
153.13499442549207
287.9178850846947
193.95416634094144
400.6642943848856
159.8298102138591
278.0981934319716
199.03981048149987
511.5114626167342
4.415954570347861E10	3.0666351182971257E8
2.9905259764331764E8
5.82646300630878E7
5.53898840131553E7
2.6007309054330304E8
2.4964218976338503E8
6.714522363335174E-4	2432.0	3622000.0
84.01594919933738	3.04305768E8	3622000.0
9846.853315955168	3.566530271038962E10	3622000.0
9930.869265154504	3.596960847838962E10	3622000.0
14
36
1060.5096383812452
297806.45066758915
508512.38181089994
257837.23483568034
3255.948494441864
190.59080191018964
269.3725816523656
154.31133495828345
289.1690294938744
194.51861743309888
380.63037849613465
135.82659933399097
277.2598576187156
4.399250996707404E10	3.055035414380142E8
2.9941259045842713E8
5.845039353218057E7
5.532407106716059E7
2.6013503324916777E8
4.594146880176698E-4	1664.0	3622000.0
59.24721369409166	2.14593408E8	3622000.0
6769.15584851346	2.4517882483315754E10	3622000.0
6828.4030622075525	2.4732475891315754E10	3622000.0
9
25
1066.3185200793216
297294.0848213839
497461.10383592587
257845.42416482957
3206.5223968416794
190.16138214613062
290.3057162561454
163.47337716813232
1316.6476676302846
198.1133840695097
1348.4994403765304
169.13405919133706
1249.0076846433803
187.42766776740655
1581.936085975729
160.58729894493968
1387.1000000000931
90.56290838296077
175.45046867552446
111.97621304381903
1087.0999999999767
221.4359422159015
3017.573670298443
165.65517994129132
297.10000000009313
4.455949042023307E10	3.09440905696063E8
3.0589680450205916E8
5.910875114237132E7
5.604265591738713E7
2.6460648548927927E8
2.5495682765636423E8
1.802238806206826E8
2.329956597810371E7
3.356465805977701E7
1.5731020246317708E8
1.5915882390019315E8
0.0011662065157371619	4224.0	3622000.0
165.77889011595803	6.0045114E8	3622000.0
12742.704951099267	4.6154077332881546E10	3622000.0
12908.483841215226	4.6754528472881546E10	3622000.0
24
65
1043.6283521158293
314769.1530650689
469077.4869063425
196684.6027801997
9834.230139009984
99.77013284052798
138.32049140986055
162.5172752103914
1177.0999999999767
197.49060294309854
429.43029938219115
168.13092851572236
381.4736437210813
221.67899595011258
1207.0999999999767
164.82581097867583
917.0999999999767
89.3692933580014
898.6114630281809
112.20843503657575
201.3660161322332
189.97409091777433
1115.7971913188812
4.450613378477272E10	3.090703735053661E8
3.002896015679075E8
5.9095193893348895E7
5.6117848650709845E7
2.609169193634217E8
2.5051595505772915E8
1.759984925148654E8
2.343391767483503E7
3.356677957641898E7
1.5375019982935566E8
0.0010248481501932633	3712.0	3622000.0
124.98588238542241	4.52698866E8	3622000.0
11133.880470425995	4.032691506388295E10	3622000.0
11258.866352811416	4.077961392988295E10	3622000.0
21
58
1060.6138139194547
313962.379615739
469011.8632153433
198074.13308205284
9903.706654102643
190.0986198300461
278.0865422761999
158.4345778773159
1250.0150912848185
196.4604609460874
967.1000000000058
247.57976513365008
1448.1773469208274
222.78872636916824
1622.8846889960114
197.9412391130476
1139.1672207684023
81.52937345964119
165.85829096112866
111.34135689398497
1076.0208811536431
4.443148985959728E10	3.0855201291387004E8
3.015273472520402E8
5.829114560139967E7
5.555775209089881E7
2.6149806829033157E8
2.5015568195589447E8
1.755946080113715E8
2.309152335258442E7
3.323881174182634E7
8.83489784649365E-4	3200.0	3622000.0
110.75518442849254	4.01155278E8	3622000.0
9598.584502404687	3.476607306770978E10	3622000.0
9709.33968683318	3.516722834570978E10	3622000.0
17
48
1065.053042118314
313063.3355164796
472020.67283341463
198744.9440193352
9937.247200966764
178.64164366525938
302.435574604664
163.2194135986348
1117.1000000000058
198.16301899249996
1338.8981416752213
169.58648949562806
1119.8054904611781
187.521890023859
1572.334787274478
160.4171437257734
1387.1000000000931
90.6332548387913
176.4568949934328
111.93851752483249
184.81211715048994
303.19766084573683
14207.099999999977
164.1556961140642
297.10000000009313
4.464051707768931E10	3.1000359081728685E8
3.064256673419562E8
5.910836757972514E7
5.605360952630904E7
2.6517929930834407E8
2.548646081484552E8
1.8016075157040197E8
2.3294327742954984E7
3.356049268976504E7
1.57301557296243E8
1.591442106476138E8
0.0011662065157371619	4224.0	3622000.0
165.5853114301491	5.99749998E8	3622000.0
13370.389007925001	4.842754898670435E10	3622000.0
13535.97431935515	4.902729898470435E10	3622000.0
24
65
1043.6283521158293
314831.649473076
469135.1758983489
196684.6045362749
9834.230226813745
99.76083451506749
165.62144721718505
162.10465602198258
1177.0999999999767
197.66721976781483
1106.2850827604416
168.43965052453916
619.993193114642
250.44548913336175
967.996816604631
164.81418111796242
356.1490783302579
89.30249026880658
898.6114630281809
111.97792137825127
183.58662499603815
190.26782059749206
859.5944297595415
4.450516266252447E10	3.0906362960086435E8
3.002700207921374E8
5.9071408866629906E7
5.610972103008864E7
2.6092877511366534E8
2.5049395885372725E8
1.7598071667402536E8
2.3427535875713788E7
3.355693599477577E7
1.537306739633632E8
0.0010248481501932633	3712.0	3622000.0
124.94784649364992	4.525611E8	3622000.0
11697.455446196389	4.236818362612332E10	3622000.0
11822.40329269004	4.282074472612332E10	3622000.0
21
58
1060.6138139194547
312009.406965589
463489.3760151623
197910.0852747528
9895.504263737643
190.201396035029
267.87685273075476
158.0738896188342
1250.0150912848185
196.33148262919315
967.1000000000058
204.83173314125887
1267.1000000000931
185.10197009609905
542.8846889960114
198.28396826723997
1129.1672207684023
81.46332139763973
165.85829096112866
111.22567524193063
1077.0999999999767
4.432824095629199E10	3.078350066409166E8
2.999919488088319E8
5.8294400776232556E7
5.5563289311916806E7
2.6082485775754696E8
2.5002301282044244E8
1.7554435859254906E8
2.309102706759934E7
3.323992239372007E7
8.83489784649365E-4	3200.0	3622000.0
110.97124075096632	4.01937834E8	3622000.0
10087.80114576121	3.6538015749947105E10	3622000.0
10198.772386512177	3.6939953583947105E10	3622000.0
17
48
1066.6671273479349
312581.52652261034
471589.58057574223
198460.63389620467
9923.031694810235
189.06405726692267
259.91245588473976
161.17253555555592
1228.7526248541544
196.8137957488514
1217.1000000000058
187.08859259549007
530.0651258169673
191.34079215052088
1076.4043696665904
145.26202411318985
1006.4063060996705
88.64845256254006
1128.3410128498217
4.42974045499346E10	3.076208649301014E8
3.0020146640706253E8
5.897010395690478E7
5.615845274785477E7
2.6029498833455747E8
2.5017400957621303E8
1.7584227521803284E8
2.340214135456286E7
8.481501932633904E-4	3072.0	3622000.0
103.80915074544451	3.75996744E8	3622000.0
9712.990084635283	3.5180450086548996E10	3622000.0
9816.799235380728	3.5556446830548996E10	3622000.0
17
46
1057.7568646769573
317231.7096606026
492848.7141222086
197179.26560335676
9858.963280167842
189.10958984563095
260.8273482443765
159.98123292801412
1203.8209360695328
198.90460237004447
1237.2415189220337
163.29158875101092
1027.4328523185104
159.4968310253766
1075.95979721786
196.8507064365891
413.5509618029464
4.4280215401094986E10	3.075014958409374E8
3.003327150374912E8
5.883601034569865E7
5.625046070778061E7
2.6058764933682653E8
2.4991944419851953E8
1.7548814739963192E8
7.774710104914412E-4	2816.0	3622000.0
101.74964826062948	3.68537226E8	3622000.0
8873.983190163293	3.2141567114771446E10	3622000.0
8975.732838423923	3.2510104340771446E10	3622000.0
17
45
1052.2860555186166
316923.05996471696
495240.333547153
198364.0888877616
9918.204444388082
100.35707547550611
176.8740897323005
157.2553599056473
1107.0999999999767
193.84280112313465
410.900201639859
161.853202679274
279.62649206863716
203.1691185936319
521.5376805695705
4.415416878352901E10	3.066261721078403E8
2.990979352416344E8
5.828237976143349E7
5.541539264768217E7
2.6015285568523753E8
2.4981028926219732E8
6.714522363335174E-4	2432.0	3622000.0
83.12703975704031	3.01086138E8	3622000.0
7658.663690187352	2.773967988585859E10	3622000.0
7741.790729944392	2.804076602385859E10	3622000.0
14
36
1060.5096383812452
319308.7542273254
508234.9988287941
198350.37396435128
9917.518698217564
113.92750784240869
186.38376317964867
4.355314950524136E10	3.0245242711973166E8
2.992564049168821E8
7.06791827719492E-5	256.0	3622000.0
21.16085201546107	7.6644606E7	3622000.0
769.78400506654	2.788157666351008E9	3622000.0
790.9448570820011	2.864802272351008E9	3622000.0
1
3
926.0436862716451
325168.6340499534
407335.80523058446
130694.05577106436
19604.108365659653
